"","UR1","UR14","UR17","UR3","UR43","UR54","UR56","UR57","UR6","UR66","UR68","UR7","UR86","UTI1","UTI14","UTI17","UTI3","UTI43","UTI54","UTI56","UTI57","UTI6","UTI66","UTI68","UTI7","UTI86"
"udk",8.78318266835826,8.97819839097944,8.67758285714896,9.29002228464844,8.27146635560488,8.30087706715156,7.91234811951384,8.1278872880635,9.25180405265542,8.27225496710703,8.43999698946489,9.43272932874769,8.38884636920602,10.1691650957612,10.9159280987326,10.8468216210904,10.3333974686018,9.77777595759801,9.91724013513236,10.2879279258403,10.3166640343459,9.4927166578819,9.03601336726054,10.4065055605104,10.6184335997192,10.2149489382663
"rihB",4.99221677326949,5.61740049668648,9.73419353384361,5.68723275283018,9.05072492571205,8.9833724889374,9.24088255174681,10.2324702693289,9.6823068767042,9.69247228474733,8.17977486536015,5.1546744697771,8.32193711489484,2.25827430007163,0,3.79723052700995,1.90495055315783,5.93968722715731,3.54842758684933,4.26022525101911,6.72046920884887,5.23194086174952,0,5.77852476424337,0,3.27086248351701
"ndk",9.45334090858442,10.6966278977549,10.9659957680294,9.85583481858763,10.4422563690212,12.0843625272909,10.4841179629496,10.5482685256101,11.4071825740099,10.1340859431804,11.7918530975472,10.1896226485371,10.3022795920331,12.2343001952506,13.0958985341985,13.1921880666583,13.0192016753808,12.4900517961851,13.871585633736,13.1910188161009,12.9736890257117,12.010720839826,12.9540098090909,13.9311720786525,14.2328775621582,14.0184521458159
"pyrG",11.7674712352519,12.2641198404653,11.6649022279327,11.8407591516569,11.76631702678,11.88099779873,11.8413108106407,11.8595459035032,11.9808517232169,11.7726307036093,11.9439976945339,12.0117892304129,11.7407718940287,13.2187707843354,13.4300525219654,13.0302979723937,13.6604488167482,12.6929976734093,13.3396149356542,13.5758154667099,12.9548323583465,13.0553223943494,12.2922843735482,13.0064166279736,13.517597710276,13.0788429188429
"rpoA",13.0936170559712,12.8573490770412,13.8983695861877,12.6705599565718,13.7628011849522,13.6104949686661,13.9438901514778,13.1321545080242,13.2707427446205,13.7907455785281,13.1840921591733,12.4803463124347,14.3086019258832,16.1129521304314,16.0570351536376,16.2883020086203,16.2167099189643,15.6388992166002,15.6344007933039,16.305775642845,15.6492657001714,15.2512112557107,15.1888421600092,15.8436802973742,15.7853691991448,15.7976818267017
"pyrE",6.04700293955255,7.0250933593686,6.08552274703178,6.80104898174222,6.22260112311732,6.57047359116674,5.26495346818658,5.19906446918661,6.27672299013967,6.11384810262908,5.39905372332373,6.45594464115025,5.12322226044001,7.62773678454103,8.88981738439795,7.81144748599157,9.48670376595191,6.76332115782597,8.09466768758017,6.96124049621172,7.56237290744837,6.79108117832457,8.81407892252519,6.9858199446741,7.61543109668468,7.17834958842451
"nrdD",11.257082842849,10.6448787019259,10.3282771185414,10.4699163930948,10.4757196597891,9.9895925951425,10.0926286250582,10.1240139911827,11.1568437717243,10.5618641080321,7.88044870592668,10.5089895158717,10.2513046546081,7.21512874659574,9.07387694194455,8.50087650100646,8.98059022686667,8.7267534641052,7.70175342771544,9.10174239215766,7.85049110826981,8.82071718494274,8.81407892252519,8.97725780026295,9.06326685854771,8.61261765703123
"pyrH",9.76899856889935,9.87170653970034,9.90931795055008,9.42058078285836,9.94243256446282,9.6589372914516,10.0011088807152,9.36828261082762,9.48354072591319,9.5079939445711,8.96013384316634,9.45165003280966,9.75169199259645,11.9776566785994,12.2017023697931,11.0623479173168,12.2711256961306,10.5406010591642,11.5070053727706,12.1752090206559,11.071965873766,11.5234432291514,10.1340825379521,10.8613001943789,12.1548600230214,11.4213683737388
"dnaX",9.74823076999718,10.0790738722188,9.27478996774148,9.93515380177105,9.88495845350617,9.84377100628578,9.9683753084545,9.02331544249503,9.92555406489292,9.95378979409156,9.78357570245076,9.94589419841701,10.2274776400661,11.4470001246759,10.4377437996133,11.259977580179,11.6932353888715,10.6076712277895,11.391087216831,11.714063825691,11.0436900998358,11.3113873491833,10.811672921814,11.7411062028257,11.6505954085192,11.1587804440618
"cmk",10.4889365299673,10.1351855177386,10.4304052304677,10.4666270381443,9.77411973198619,10.1920358009835,10.0094370587275,9.53109623924412,10.9346329265779,10.1713797197968,10.5598083120672,10.3254891970103,10.3921526598146,12.8005350834703,12.3830997331202,12.7531376455986,12.5358463747467,12.1155599003459,12.4809684577295,12.8838224646482,12.2368429942507,13.0778783558516,11.6526204643349,12.5574458118399,13.2954363065936,12.3331254044379
