"","UR1","UR14","UR17","UR3","UR43","UR54","UR56","UR57","UR6","UR66","UR68","UR7","UR86","UTI1","UTI14","UTI17","UTI3","UTI43","UTI54","UTI56","UTI57","UTI6","UTI66","UTI68","UTI7","UTI86"
"purT",4.80826386559238,5.32460614672359,5.89010812462856,5.29639707162386,5.42273863865337,6.16724523976781,5.86055758085315,5.45553838904692,5.70549117947449,5.33043133963829,4.9048215965184,5.29021737431163,8.66356955046883,7.40425938801824,6.71416621671615,7.78355903292194,7.88914869537021,5.87662487947511,7.64679430978213,7.30291417192534,7.71361253724552,7.16249594062142,7.81728069447339,7.17704152270403,7.07133485484412,7.71242437058647
"amn",11.6990792990634,10.1505273256009,9.96234626192242,9.73057607177243,10.4897025873945,11.6852289851993,11.8485819636489,10.5140942943132,9.56074553223249,11.331771985783,9.81690526104782,11.7169475350463,11.7843823767342,9.34427008449943,8.12059011082117,6.87182967604482,7.59355728411829,8.33940276297482,9.54323290730233,9.56370744028164,5.99259544428651,7.58522830545192,8.23071819598919,6.76532334098094,10.1687365889752,9.87615944071572
"rihB",4.99221677326949,5.61740049668648,9.73419353384361,5.68723275283018,9.05072492571205,8.9833724889374,9.24088255174681,10.2324702693289,9.6823068767042,9.69247228474733,8.17977486536015,5.1546744697771,8.32193711489484,2.25827430007163,0,3.79723052700995,1.90495055315783,5.93968722715731,3.54842758684933,4.26022525101911,6.72046920884887,5.23194086174952,0,5.77852476424337,0,3.27086248351701
"purM",6.76911827701045,7.63539762374061,7.54497266331479,7.51413675515395,7.19025421654423,7.83951058315937,6.60047796502652,6.94460104752252,7.99833559799686,7.2344724753563,7.04822935005581,7.28627823620842,6.91633937154438,9.19856598112104,8.71617785439574,9.22592348059291,9.63850575460723,8.33940276297482,9.58036862481155,9.36720752327982,9.14223800239642,9.44303388567835,8.81407892252519,9.00274267160027,8.40877316576016,8.83732895547948
"guaA",10.3248626897147,10.333355886215,10.7706608310621,9.92114639445015,10.9505729111371,11.3449757106655,11.3248012986252,10.5880455476774,11.3181810590644,10.8236987292764,10.5289510485781,9.95306199409324,10.9364286491147,12.9296477073585,12.7657894912142,12.4949899736298,13.1378910334879,12.2192782992413,12.2426148177331,12.6805310024758,11.9850637995242,12.3721074967039,11.9541916123473,12.1813686155465,12.2338714049463,12.5131310099354
"guaB",9.8257167535076,10.3296846395684,10.4561557182096,10.2609299185557,10.6975072202899,10.422395911542,10.6188108600259,9.59724669048888,12.031566514372,10.149742340508,10.8014593524457,10.2504538419714,10.6209008693041,13.1994578052083,13.5096878391966,13.204729115543,14.2025363067001,13.3233053227723,12.6205452901088,13.3187533742638,12.7687060683494,13.166009425774,12.5836945722265,13.0740953995643,13.5550044803818,13.0643432118299
"ndk",9.45334090858442,10.6966278977549,10.9659957680294,9.85583481858763,10.4422563690212,12.0843625272909,10.4841179629496,10.5482685256101,11.4071825740099,10.1340859431804,11.7918530975472,10.1896226485371,10.3022795920331,12.2343001952506,13.0958985341985,13.1921880666583,13.0192016753808,12.4900517961851,13.871585633736,13.1910188161009,12.9736890257117,12.010720839826,12.9540098090909,13.9311720786525,14.2328775621582,14.0184521458159
"rpoA",13.0936170559712,12.8573490770412,13.8983695861877,12.6705599565718,13.7628011849522,13.6104949686661,13.9438901514778,13.1321545080242,13.2707427446205,13.7907455785281,13.1840921591733,12.4803463124347,14.3086019258832,16.1129521304314,16.0570351536376,16.2883020086203,16.2167099189643,15.6388992166002,15.6344007933039,16.305775642845,15.6492657001714,15.2512112557107,15.1888421600092,15.8436802973742,15.7853691991448,15.7976818267017
"purH",7.79660341743523,7.81067472186673,7.72738580917265,7.46411756174121,8.0565775010661,8.25878470720772,7.69980237351941,7.25215726592515,8.36660265540733,7.31073319779407,7.31215846188582,7.80693034277768,7.41898598037763,9.53295761064896,8.43402110358006,8.78028145494644,9.82905984600064,8.0127339155119,9.74641283784782,9.47034038227317,9.08788841544744,10.2626867413464,8.81407892252519,9.64457452951676,9.6473301237712,8.77101449141307
"nrdD",11.257082842849,10.6448787019259,10.3282771185414,10.4699163930948,10.4757196597891,9.9895925951425,10.0926286250582,10.1240139911827,11.1568437717243,10.5618641080321,7.88044870592668,10.5089895158717,10.2513046546081,7.21512874659574,9.07387694194455,8.50087650100646,8.98059022686667,8.7267534641052,7.70175342771544,9.10174239215766,7.85049110826981,8.82071718494274,8.81407892252519,8.97725780026295,9.06326685854771,8.61261765703123
"gpt",9.1785521644751,9.03641469258681,8.6191633231004,9.79681142590958,7.95943988239383,8.39456469262652,7.82303781268265,7.63220040573295,10.6370619729592,8.31916400951273,8.28293495798865,9.70191389962874,8.68958394863599,10.602150879704,11.1924607957439,11.2725725014778,11.2512516409709,10.8257642116073,10.2955190601661,10.9642560711059,10.7075861005806,10.0633751241373,10.3969029541822,10.6914721306588,11.2855183263867,11.5308849933956
"dnaX",9.74823076999718,10.0790738722188,9.27478996774148,9.93515380177105,9.88495845350617,9.84377100628578,9.9683753084545,9.02331544249503,9.92555406489292,9.95378979409156,9.78357570245076,9.94589419841701,10.2274776400661,11.4470001246759,10.4377437996133,11.259977580179,11.6932353888715,10.6076712277895,11.391087216831,11.714063825691,11.0436900998358,11.3113873491833,10.811672921814,11.7411062028257,11.6505954085192,11.1587804440618
"allC",8.3786508537362,8.240273470371,7.5100954958727,7.43748247234125,7.1873971732796,7.13665912367245,7.87409582218361,7.25858441777795,7.1955455050395,7.5275722063252,6.20049220931303,7.94480719098139,7.40796749408134,5.05161590005368,6.17237729447035,4.95906955055076,5.36665172723022,6.21927684847486,4.66209240652831,5.65657565419713,5.41891774505027,5.38009996869974,6.24505469423431,5.52073728839306,5.96831885496436,5.75475168304564
"pykF",10.3131266766867,10.9609024969579,10.7454458512606,10.9238329561894,10.6732063262632,10.9089846817212,10.9215126654873,10.8319245714729,11.2260911166679,10.8574610854476,12.2078817293821,10.9865021181233,10.3907541591739,13.6488672122782,13.7215581156209,13.3305210708413,13.2520259969317,13.3752001453621,13.3253300739166,13.5838405383616,13.0467436310105,13.2393959197145,12.7496789777756,13.368072565216,13.446393224439,13.155744712062
