"","UR1","UR14","UR17","UR3","UR43","UR54","UR56","UR57","UR6","UR66","UR68","UR7","UR86","UTI1","UTI14","UTI17","UTI3","UTI43","UTI54","UTI56","UTI57","UTI6","UTI66","UTI68","UTI7","UTI86"
"rplY",10.3380491044772,10.7502514732606,10.4038475127552,10.7058124860801,10.4763049956104,10.3066531923952,10.1596382204519,9.6267360778496,10.5824555427777,10.4495510965094,9.42982333717671,10.6437686560383,10.5306595536471,12.2405186485034,13.7981903811143,12.8052123720855,13.237337927025,12.1790080057012,12.0218155592209,12.5340853269236,12.4403370595922,11.8969296395398,11.6857771438781,12.6184780521202,13.6719866040657,12.677680139021
"rplS",9.99687185692894,9.97637607183359,11.0744180015012,9.58215271565629,10.9702374075845,0,11.2623639433686,10.3310550167799,10.4927213790745,11.2996179653766,9.97161086999603,9.32319253613941,11.4585572500167,13.0407171545853,13.7299593433129,14.2095735271475,13.7122166473406,13.2710073312459,0,13.7122782360193,13.2460304396246,13.2806400010638,13.1208872555876,13.9119649367417,14.1787877221116,13.5470389760289
"rpsU",9.89925230113918,8.91181578926114,9.20095101697845,9.55806954167238,8.60053691558517,8.79441222569595,8.29101508059134,8.09952658430386,10.1302301748733,8.8077803093103,8.31979439174014,9.00366951415427,9.02740730446,11.1625966841373,10.6735133659985,11.2700622982898,10.8817165805945,10.8870446865336,10.4388953624409,11.0675761250601,10.8774152410438,10.0633751241373,10.3145037354039,11.4483246432007,10.6184335997192,11.3218702723663
"rpsO",11.434387264881,10.7870825119305,11.5171576629573,11.210788033585,11.2786609076969,11.176213932962,11.1545555316788,10.5642463230623,11.5834612569828,11.1945989143865,10.6019842846383,11.0015600182834,11.7005130503422,13.4112179744424,13.0892848091403,14.1207638967286,13.4094166571717,12.8272539776823,12.8087258160846,13.1470818445305,13.5648231796765,12.6877731361969,13.0204970310027,14.3673913661875,13.1963318170955,13.1947095509861
"rplU",11.4153022450419,11.7404157141578,12.2221780473413,12.0380662655468,11.4772613576721,12.0767552334205,11.5578885112095,11.1356402786953,12.8911679057897,11.8586608541313,11.7982764786218,11.9985713107087,12.1595869551536,13.7763178424767,14.2874656542951,14.5116349853848,14.1819452616811,14.0129634466741,13.798023690545,14.5639345060753,13.9698474458637,13.4562993019951,13.6854486586832,14.3989254637534,14.3887917830786,14.6254994202993
"rplM",11.619998303729,11.4888036392563,12.2038798571111,11.6942742279402,12.3188296178493,12.1773674813251,12.3164668278661,11.4404038940978,12.5007110730739,12.212047658574,11.2008867950756,11.1639246978796,12.426577968292,14.3812752728935,14.2503842781192,14.6982498926994,14.5779462163028,13.9652176577545,13.9152049180926,14.626881910028,14.2303601405136,13.2616588179397,13.57475392798,14.4777135172599,13.9022865217197,14.3412088302543
"rplQ",9.55383208062242,8.34339755895542,9.9715321024366,8.52019245258023,9.99729669625212,9.77243162138621,10.0743863705268,9.13319732725672,9.25294626484144,9.96975455411398,9.21763051036337,7.97059998898159,10.2461582397367,11.7445677528663,11.318677025226,12.1327983506625,11.6820302229578,11.284789292156,11.3394909448796,12.0861122660518,11.4621220813429,10.9838216655914,10.7503072753957,11.8220720363043,11.0612427899072,11.6247876371086
"rpsD",12.9612090144762,13.605835334819,14.5931999485172,13.2050892245114,14.3252124032996,14.2058543137764,14.7192995112695,13.8788125414934,14.1787019823928,14.4587010653461,13.8003292745335,13.2904169563077,15.02357448109,16.6914355552419,17.2316384397812,16.9686233373112,16.9496410480274,16.6490553942766,16.2460418915004,17.0185365463826,16.5069914196743,16.0156247818151,15.7824391801319,16.5681985301374,16.6188553260035,16.6977107178485
"rpsK",11.6933566341275,11.8828163967354,12.8064945956357,11.7444176288649,12.5263140101491,12.6168335900208,12.9233669686256,12.2340187801082,13.0026113189962,12.9136892012701,11.9935289463868,11.5741637092806,13.3151075730981,15.1483163773813,14.9947605120488,15.3219581989078,15.3158378722448,14.7992143100995,14.8270878347232,15.4102009678445,14.8329607657746,14.6652143937199,14.4256454322103,14.7817985620388,14.8545320534465,14.9472432430932
"rpsM",11.5925904973948,11.7508624519715,12.6252089890298,11.837124775989,12.5063923330902,12.4428237467622,12.7125625425166,12.0950360054504,12.6119977094892,12.7129809782726,11.8775618330955,11.5375080561308,13.1145973115267,15.0405077462989,14.9888325994864,15.13545068664,15.1548423050556,14.5270750859948,14.4762915949261,15.1462602391375,14.7674707826579,14.0466002745748,14.2920686378762,14.5796662678482,14.3274241874607,14.6245113966707
"rpmJ",9.99638270611431,9.6870137774243,10.4416863522843,9.61350909457667,10.562072103071,10.3786634247751,10.5717851822716,10.3882257410117,9.96372523872797,10.8119387528674,9.74293860166398,9.25025291029021,10.9148609128521,12.6455754667097,13.0388448464475,12.1286476331739,12.6410601553441,12.3018560243231,12.096777137704,12.7669239525604,11.9625853751936,12.0760094059695,11.1334404738967,11.8040656339924,12.0007247734261,12.3511558539985
"rplO",11.4939894114334,10.9064901573727,12.2408169887755,10.8465853982799,12.7545144626988,12.482142806312,12.9540279603172,12.569601962627,11.3359410472494,12.671735269546,12.1164667405503,10.3725804575838,12.9080411201307,14.8752278599593,14.844803219614,14.3391587670715,14.571400449153,14.3584605191726,13.9350521766038,14.6389715282989,14.3988822843726,13.4867572284297,12.9942686752213,13.649957696497,13.6317044469741,14.0763227761147
"rpmD",10.5906291396794,9.21948790086003,10.5684797955343,9.22476367135744,10.9425467248073,10.9147690730612,11.2608387106264,10.6824912616091,9.6300771843936,10.9684465683805,10.450484500783,8.71171715723257,11.1871464674801,13.4799653557894,13.4874871337395,12.6214849832162,12.9548190200389,12.5258140984673,12.4559594220088,12.8934206422899,12.6376868648263,12.1995870678267,12.0842208091571,11.8782272260365,12.2792812473205,12.4442480004577
"rpsE",12.1147221098205,11.4031884760172,12.5194973362009,11.2058645555412,12.6424788503262,12.5794014688882,13.0447560287108,12.4830572678814,11.4688174643567,12.7632089294157,12.171653093043,10.8306732618959,12.8621882983377,15.3410316535437,15.2070758607007,14.8039770635239,15.1862324721157,14.4782948144619,14.2934643794511,15.0270197618185,14.4549802113826,14.1304046954085,13.6183396774595,14.2638259958938,14.6293113572562,14.263765537839
"rplF",11.1366268027525,11.4378476359288,12.7148394579123,10.9197150532987,12.7323270971752,12.7395912948249,13.0071725250287,12.2239957189456,11.8198409454506,12.5761925604012,12.1935176511208,10.8941163775124,12.8701553935108,15.2721329110601,15.1217636971501,15.0060475236804,15.2794257579181,14.5334775554829,14.7032502598138,15.354201013606,14.7101543076938,14.2317213706326,14.0268938597189,14.509174039544,14.5799602100815,14.65513221206
"rpsH",11.8915574048388,12.2157121744498,13.2534805799562,11.5326786500399,12.9716712378855,12.9730645623777,13.2888998259148,12.5577611965073,12.5558372821897,12.9027970913513,12.4486328044531,11.7658361660471,13.0395384993345,15.0673900009136,15.3391840378046,14.81111727699,15.1330030863791,14.6019386080815,14.5065112763741,15.1180470983208,14.346313986935,14.7298721120466,13.5298102637106,14.2944588415902,14.6747661567034,14.6711296283304
"rpsN",10.9569831332763,10.6031646791922,11.5918783928,10.1313078033656,11.5354328297213,11.5311804756635,11.6438193862091,10.9775853599617,11.0102062757965,11.3454330095842,10.9099706975577,10.0995977507838,11.5723167772151,13.9147844498415,13.8148603050208,13.7894215890724,14.0619634511762,13.2820760295095,13.3689615464649,13.9237602882583,13.5498222608377,13.498965227048,12.7496789777756,13.4432914327325,13.7664362893508,13.1900422086158
"rplE",12.0168264494583,12.3473446663846,13.0894515861231,11.8788193127988,12.9145634163187,12.8988735925647,13.0872982773179,12.4940784531465,12.7000556144214,12.7610019929289,12.3363580647638,11.7679667098601,13.0306614056994,15.1140889875868,15.043345525644,14.7768267900667,15.1288458418351,14.5867810226214,14.5895125301967,15.1422202833698,14.4278877682816,14.234157715083,13.4059495418258,14.23454670585,14.3114834233275,14.6435958967529
"rplX",11.6757457014915,12.5199010652999,12.9489818973521,12.0602144818791,12.8127409272902,12.8111172075604,12.9906386155504,12.3915361052806,12.7614885635137,12.7013416176597,12.3498692994619,11.9503505763314,13.0818955062973,15.4214809383742,16.2277768131139,15.7194226621567,15.7226225011966,15.1996192026068,15.0512859719352,15.6899263999297,15.0990816510645,14.6773507086848,14.5966531659799,15.3066244510257,15.0479834011763,15.1433050348449
"rplN",11.8224557149244,12.5654222706047,13.1599510593902,12.0291745979935,12.8221537477151,13.0431669597917,13.3492494489147,12.6018691837764,13.064826598779,13.0545272360706,12.6151522534869,12.3621806765911,13.2876307403894,14.7813160767363,15.3956214146165,14.8912965796675,15.0953380068188,14.5553504842167,14.7387406853137,15.2887201487781,14.6375170644934,14.6813735650485,14.1743527934138,14.5508019042512,15.234762359283,14.933995318434
"rpsQ",9.18113704256796,8.10793093347439,9.54717645920218,8.46850833222099,9.68830613708324,9.43784069122069,10.0109932540553,9.61488732465975,8.9384407570297,10.0642067307215,9.25335410712269,8.01693861523807,10.2106671330616,12.4948275396373,12.4579582089158,12.2872540848579,12.5089216580817,11.9814986707702,11.4958723956242,12.6194966923963,11.7515357198777,11.8736785126225,10.6191425063666,11.9907592678791,11.6597817308212,11.5528639634723
"rpmC",8.74990730376285,7.57051545787222,8.99114841067162,8.13368094570217,9.49677656228861,9.16400358926105,9.53067901061658,9.10226429917791,8.12974096689341,9.66513470862363,8.77885230954095,6.9976240905706,9.80516283798238,11.5063814900764,12.0139043415268,10.8434487288521,11.1233603486462,11.0987176131074,10.7074747563346,11.2504812785359,10.4519145799024,10.2092017355289,9.39797258493883,10.0139235767237,10.0197296490164,10.4528383133624
"rplP",12.4262491252312,11.6779009501237,13.1353852372124,11.8937666161041,13.4636592567365,13.2999500739144,13.7459382779322,13.2384487072872,12.2739864184935,13.7955224510337,12.8662230535532,11.2618682309942,13.8569098592894,15.7849695060088,16.4273966649233,15.4774677545844,16.054316107649,15.6510212967892,15.3903221521828,15.9943665776655,15.2705279008487,14.5371421294599,14.6605914624009,15.0015525313872,14.6316476138974,15.5307245074208
"rpsC",11.9366174226955,11.5884338675645,13.0853850709573,11.670066406128,13.3940786206595,13.2121478069616,13.7591169598567,13.1309508458844,12.1048009081831,13.6192618010785,12.7743565361787,10.9697716851802,13.7525741618769,15.7788649078288,16.0465635200147,15.4231467175563,15.8585781375563,15.4491818511194,15.1960378622431,15.7948623986082,15.0537224306105,14.8752945041868,14.3187352711716,14.9517178727492,14.7859192463062,15.1019754249042
"rplV",11.6673199616582,10.6262939103565,12.199097752671,10.6484900917022,12.458612413773,12.3510190719156,12.7208275640084,11.9794179183688,11.1062348172067,12.4013886024178,11.7119419674472,9.89682264437714,12.5455130311299,14.8478109273482,15.0109377864086,14.7047703146165,14.9865451253458,14.3864943789003,14.1328395982084,14.8080785323836,14.1613068022663,13.9008690680631,13.7338080701016,14.4268462686875,13.9895730673156,14.0169469791354
"rpsS",10.6201391232384,9.82813611159611,11.3336054823724,9.59555178299364,11.3918846745901,11.5025752307733,11.8958142268434,11.0444345826804,10.2202840364933,11.6136908552753,10.9732506999354,8.89373051216663,11.9667327393981,14.2256936314387,14.339925877489,14.099713715903,14.5240569476913,13.8229793301141,13.6252143153694,14.3855022905262,13.6209237403987,13.6189455448602,12.9809734897482,13.6296536032226,13.820683359416,13.5767146866402
"rplW",11.1577788484179,10.8889267388299,12.1993909905511,10.553794654054,12.1304960282377,12.079892508029,12.1607964040124,11.4864784281838,11.424393168764,11.9122707323323,11.2400524109954,10.0647293589083,12.0819896781945,14.2408591052975,14.5043301511766,14.1277129190827,14.5605700869991,13.9492639603684,13.657719634721,14.1819626208309,13.7135773519233,13.6086547233143,12.967554641725,13.7633310130213,13.4752980856895,13.5781187788806
"rplD",10.9084105892103,11.7603252784732,12.9426900850734,11.0916941004724,12.7282784506646,12.8281415595603,13.1564263854292,12.2565701371695,12.4628364012864,12.710519857725,12.1934257002698,11.0189040978926,13.0141047359951,14.9955909153557,14.9034312013095,14.7371647751862,15.2959922956361,15.0219410529025,14.688657178487,15.273290691285,14.4894565034961,14.2591949411938,13.749574234898,14.194329346071,14.3721218539599,14.7035963941121
"rplC",11.8832473725745,12.3804003554794,13.3220977892307,11.929788712396,13.1454113003329,13.1094172752867,13.3482751468237,12.5581683133827,13.1955473942801,13.0446516535271,12.4211762922557,11.6632255478498,13.3347560529596,15.3310665314928,15.4893624275367,15.1937289655061,15.7952686724945,15.2472353245431,15.0110525474557,15.6909449706767,14.956593044071,14.8339290136612,14.1388768407472,14.7721055111146,14.8856962183027,15.2168896636543
"rpsJ",10.6140939299474,10.7452076086979,11.8673149970919,10.5131484585058,11.4809119181503,11.8450975834267,11.9079763215902,11.0802516091983,11.7672527030954,11.6286655471434,11.0863141751501,10.3608226425431,12.0630913215928,14.1912323555334,13.021217060191,13.9591404935457,14.5014694606797,13.7662116073778,14.1187092909364,14.5216696565274,13.9298519056563,13.5758944220693,13.0204970310027,13.3143840592617,14.148925504397,14.0874800617431
"rpsG",12.2137777999925,12.1563268707624,12.7112796360102,11.9559966818079,12.414092074187,12.3379755474802,12.5643772814172,11.8103580712996,12.7076775750945,12.176185878592,12.0374257684448,11.6858362371951,12.5752639996118,14.9603190156892,14.7454029025948,14.8376356665304,15.0244679899815,14.1709933012062,14.218002875317,14.9828586048964,14.4590005508884,14.2213207588868,13.7651699636402,14.4268462686875,14.2127332449209,14.434572285127
"rpsL",10.3903664047568,11.0842288263139,11.7015231657563,10.6447527175629,11.2614444922049,11.5246167757895,11.6788327762278,10.7775797463219,11.5467931867166,11.3674715160041,11.0262509183958,10.7141652684042,11.7186479233438,13.7020666634524,13.3378733981012,13.5055745620026,14.0019987618043,13.3558222045777,13.4823145294519,14.1263123636332,13.1858497597047,13.3236004647647,12.4929443692684,13.118484449407,13.5376686131572,13.6157703729653
"rpmG",7.68447252794103,5.81239279286464,6.10568759808518,6.9185145057087,5.73597041241684,5.97265074561468,5.72553488970069,6.00677257854472,6.95286966229435,5.7474944956603,5.65979017514333,4.90723504719948,5.9179147259481,8.47095021136402,8.33335831309645,8.90200590312526,8.22537964428299,7.72120847014631,7.44413918095195,8.17280404359724,9.55663705772912,7.31758190706207,8.23071819598919,8.87056277447164,7.61543109668468,7.80603370536737
"rpmB",9.24923356936687,10.5630776714719,10.8060078750209,10.3658026866106,10.4748412105322,10.4245128642368,10.6347124133054,9.89153546992659,11.1295863936693,10.5146812207916,10.1591881881588,10.2699917617197,10.7277790353305,12.3444277701108,13.0561586089201,12.637153485796,12.9069816749207,12.6063703962564,12.3572446974286,13.0688518910457,12.4349041530629,11.5934297356029,11.2708856140153,12.606060776336,12.3490889850913,13.1702050852935
"rpmH",10.4422900429638,9.50855443394873,9.76357583240843,10.2451099410938,9.21404446151554,9.29241916515761,8.73199354418547,8.55866280831907,10.7259118223163,9.38639257218111,8.97647112127365,9.94349699750441,9.60342091546144,11.5857893903702,11.1168240514697,11.1820077499886,11.8806342330018,10.9534877643543,11.5999029628628,11.5661228574431,11.5947149319246,11.4624103797734,10.3969029541822,11.1218813293064,11.3940869108477,11.6223150875427
"rpmE",8.40837101804459,8.2284926661868,8.90842791596847,8.23437486092558,9.00926213402159,8.85531352361908,8.99257316771277,7.9820995966114,9.19350875878514,9.20845485011302,8.47793746674482,8.37812554068722,9.06413403495647,11.4073503113329,11.3920584723597,11.2032151709447,11.2944622230906,10.987462592962,11.1865264693493,10.9580493231141,11.8770317334191,10.4629215531783,10.811672921814,11.092510842898,10.6919170337079,11.1951711054569
"rplK",11.2825825186755,11.3087554606055,11.7168986765367,11.1288819919846,11.9778571219562,11.6434303497828,11.731855466579,11.2697485728277,11.8434442089536,11.5488457380753,10.5373796426988,10.8505492750155,11.6319315688849,13.716536474721,13.2905528961761,13.5763643997499,13.7275764841716,13.3482154830541,13.1971621247288,13.8136746902357,13.1196667487237,13.0296057945254,12.4929443692684,13.2386491310164,13.0485483523872,13.452494232047
"rplA",11.9534736205217,11.5750584075236,12.3692167473184,11.443946664778,13.470909927787,12.2950400509616,12.8176680218513,11.8813140604428,13.0679532151821,12.1822885259122,11.298330955144,11.146313988322,12.3580999115482,14.5971011670664,13.8507882071919,14.5187892111952,14.1581708345242,15.0669925810686,14.2217536658933,15.0792138842248,14.1042657665207,14.5095012823605,13.3345716507567,14.1074328361237,13.7685608723379,14.3495293155706
"rplJ",12.6683269735339,13.4366400221586,14.0839792317318,13.1104453831915,13.8794118385388,13.9399039684199,13.8931764184831,13.3800710404132,13.9863255766048,13.6624677194081,13.1743414687825,13.1861896226034,14.2078387085259,16.3809367202039,16.6580844405179,16.8929444153011,16.9067948218121,16.1892973267883,16.250890744153,16.9697622917944,16.254792810422,15.7147684832657,15.820257067111,16.289559995562,16.4294260216248,16.6973877404149
"rplL",13.1005747949263,13.7451898711131,14.4614206722067,13.3300374359869,14.3571448630288,14.3519709958136,14.0636963033915,13.7713580317406,14.2572854942246,14.1861104878181,13.5998195763079,13.6057798085923,14.6166310279044,16.4868267908431,17.604214121239,16.8575909897091,17.0294866021696,16.7051110059915,16.2160300921807,16.5889010173624,16.4113350228659,15.9003190188298,16.0023625387297,16.2292711045112,16.6025720761159,16.8665230599798
"rpsF",11.5794238479411,10.435381468005,11.5460369392231,10.9891522058223,11.4501052241143,11.3288664629179,11.4631066340105,10.714694041242,11.7432729615955,11.2401632121509,10.0533257608642,10.7441861547847,11.0120529714713,13.2460001284542,13.0163340207225,13.2301346939045,13.2684401691363,12.7534832503963,13.0574757759136,13.4232292774687,12.9124591729272,12.2736969756869,12.4549831931473,13.0189603632945,12.9377404670818,13.0423166942417
"rpsR",8.43026612687564,8.59247578588859,9.77778378848238,8.53372767829583,9.60564962538356,9.64326862255173,10.5731903944973,8.91864412245267,9.65966177369097,9.60280065991128,8.66992561249226,8.19447648716597,9.60261575204546,11.7596039707206,11.7698290328541,12.064909767833,12.1256978883146,11.5247739026778,11.7270519407053,12.969352412969,11.689012791172,11.3342788113395,10.9815087350149,11.7066280228535,11.5001772428381,11.9407819583169
"rplI",9.86964544763967,9.63788416352264,10.6031721422053,9.61605627548986,10.5896544828531,10.4774715596838,10.4478094331797,9.88531904241838,10.5509947255669,10.4300230618185,9.42794877359816,9.33369149646682,10.3336725129685,12.5855546921812,12.7569722285941,12.3610540237751,12.4141518522312,11.9945516094796,12.0858427731145,12.2199894688319,11.8770317334191,10.933737994921,11.084553018313,12.0034392801852,10.6556431244716,12.1038585864319
"rpsT",11.5098416830737,11.0232202597188,11.1197410782195,11.341723165453,10.8962746742964,10.9766717498683,10.3983277991925,10.1771422114059,11.863025441819,10.799089663276,10.7274378114973,10.908409732815,11.0827555084584,13.4773348941884,13.0487493162225,13.8486617302137,13.1811704004538,12.7263545587517,12.4922165920695,13.6544077456903,13.06092089874,11.9689109468235,12.4356213405926,13.8882318404834,13.0485483523872,13.257877762961
"rpsB",12.969083090373,13.4811368592424,13.7869809385758,13.1488825532719,13.9330311659151,13.7325253509082,13.8716388668072,13.4196816299749,13.7294551517189,13.7430756837995,13.8222003527301,13.3216729853663,14.0321084380432,16.0957101150412,16.2604802275248,15.8456411488409,16.2314883332874,15.4785120952748,15.6482938172353,16.1527388729214,15.5954955097622,15.1172254504561,14.929857323577,15.4657047887289,15.7251097639216,15.9224616658775
"rpsA",13.0232702807495,13.4643188726323,13.9563127415684,13.2641361096589,13.1527991723769,13.8922610934022,13.7589240252992,12.6996559696744,13.9960149283975,13.7729533983914,14.0692166887805,13.3479028788725,13.8030808606333,16.3864279004565,16.4527371593389,16.1465922651591,16.1510724741073,15.7606868219387,15.7259021828307,16.2423222902869,15.5906175140636,15.2212829924422,15.026850644646,15.3376233772036,15.5409995764626,16.1813241051045
"rpmF",8.68945963129327,8.05851175381991,8.50613292704954,8.00224840410936,8.74160311857163,8.80744893690014,8.70276238384653,8.25064540468949,8.58731441281101,8.81565353472083,8.59727955472973,7.94617626446918,8.87304293534453,10.4640375958842,9.84676129211812,10.2143104371483,10.3627669823211,9.69794602756284,9.93884794758273,10.4739364776411,10.1140178922703,9.21536080174877,8.23071819598919,10.11085727379,9.91621050593797,10.1709619264391
