"","UR1","UR14","UR17","UR3","UR43","UR54","UR56","UR57","UR6","UR66","UR68","UR7","UR86","UTI1","UTI14","UTI17","UTI3","UTI43","UTI54","UTI56","UTI57","UTI6","UTI66","UTI68","UTI7","UTI86"
"tdcB",7.29979228173461,6.71196092921301,8.61682344768592,6.86811780811845,8.19813734735251,7.24922576198706,8.30799421491183,8.45334318364231,9.57588537089091,7.9769926965165,6.65829945473392,6.97365739106873,7.37439793647393,4.44711880683807,3.03069198732617,5.71722085033749,3.58253703975184,6.65474474053192,5.68878103083116,6.04620362221368,6.72046920884887,5.63734912235492,7.81728069447339,5.77852476424337,4.4287208005356,5.15416698109184
"ilvM",10.8516698788001,10.9433925423549,13.3890566420142,12.0658152745328,10.9969987368171,11.4769655166043,13.1543155270408,10.4158036742109,11.6377024504028,12.5643643011818,10.8869569401983,11.6145465612511,13.2703703304625,8.32536818493052,9.25977153361799,7.63540717971586,8.48687470936965,9.2895522020298,7.25497582040734,8.01574252683571,8.38910476566327,8.72695577352643,8.55168543978855,7.98011749821091,9.7880252981265,8.40274357456016
"ilvE",10.4679203590576,10.6429076922142,13.247868375237,12.0700016460194,11.1959664057322,11.35777176429,12.8689130843654,10.4900569366334,11.4756827005516,12.6378125666992,10.9099706975577,11.3726727594564,13.3468267114755,8.66500965012338,8.76059227902399,8.06416784192646,8.66002875143734,9.68879709198194,7.67453555971039,8.30295545064285,7.56237290744837,8.53479702197633,7.23551287574234,7.75867705124962,9.99090286174349,8.76385336031201
"ilvC",13.6099747164732,0,15.0126005292779,14.4222438654584,15.4919268624517,15.9186049239981,15.001001172954,15.1681810755435,14.7371132702942,15.0885124167723,9.01943045366921,14.9126711230941,15.238785836037,7.58572520191813,0,8.96544103430644,7.21250015264553,11.998259431423,8.92307447469635,9.76617965968275,8.09053721310625,8.4701247150683,8.23071819598919,8.84260883347828,12.3604021379961,8.99548484704163
"leuD",9.89925230113918,8.09933200383078,14.0249257699882,12.234028340352,10.6939887327547,10.3917065361665,13.5433054772023,9.75671425349257,13.1895946210267,13.5818566991915,10.6890827743297,11.2046758726225,13.8558966507818,6.95403496849279,5.53676059598709,7.81144748599157,5.16065810130426,7.75666561659643,6.78063435750458,6.80076351568211,6.4019572680128,6.7371343584528,7.23551287574234,6.3546997519617,6.18741571467701,8.09563587874778
"leuC",10.3123408708731,9.91970894846369,15.2952971606678,13.6770715883106,11.8430943074957,11.3601699605648,14.4414649457316,10.8469306219972,13.9495702898415,14.5628706405824,12.4571595547044,12.7022216495886,15.3161376329407,8.2285825927842,7.2890383562061,9.75010356724417,7.26493803814796,9.16313024985258,8.53763212957737,7.97292792610024,7.85049110826981,8.00601013929234,9.39797258493883,8.45655232904186,8.82274901499411,9.53497845149521
"leuB",10.1511772578391,9.67259468400937,14.9396740510223,12.860839724879,11.3300825204211,10.4462080540818,14.4002476471047,10.3257087797868,13.1278198201855,13.6890966511739,12.0225963924847,12.2734162794783,15.0326259296063,7.9259286943838,6.73859535879391,8.8082327277385,6.58734451575617,8.62490497952262,8.04770897230857,7.6312976329786,6.72046920884887,7.67404481397225,8.23071819598919,6.9858199446741,7.75912016819639,9.03171074856223
"ilvI",11.356865046427,11.1401441634365,11.9440987236001,11.0694081058479,11.0166483223289,11.8462824429271,11.6579599854544,11.1167494883273,11.2122114149708,11.5383769907286,10.3298516585249,11.1033953946249,11.776193623011,8.23765454944521,9.36289673064956,9.64553228333084,8.22537964428299,10.0448453239136,8.89091763446967,8.25848801789875,8.19707431497464,9.09184276261229,9.92782916118168,8.12640583882396,8.49341946934736,10.0377728402973
"ilvH",10.0468588465209,9.18536200656539,9.1040427558975,9.47444678838759,8.75517275798917,9.13240692564669,9.14492312565205,8.14706681903282,8.81935859132227,8.93249443452674,7.45645808661471,9.12528994595012,8.64178800643396,6.14989933245434,7.37466013178067,6.03365383509419,6.06348256132592,6.8964412840158,5.8187757954071,5.29804878811834,4.45225200265999,5.85559497094451,8.23071819598919,3.31932960426855,6.3775841716744,6.41547567775641
