"","UR1","UR14","UR17","UR3","UR43","UR54","UR56","UR57","UR6","UR66","UR68","UR7","UR86","UTI1","UTI14","UTI17","UTI3","UTI43","UTI54","UTI56","UTI57","UTI6","UTI66","UTI68","UTI7","UTI86"
"crp",11.6706961649226,11.4374212723127,10.9630053147498,11.528065023088,11.3147821084868,11.1949370473923,10.7971521817661,11.1667278204296,10.7495726472629,10.9117270371626,10.7680138200863,11.6304948765285,11.2491700758597,9.71935799895556,9.9901544172645,9.25667862530859,9.4550804783963,9.99003632439148,9.46794760580604,9.09776247569815,8.9726321170081,8.71304963906941,9.39797258493883,9.37865978368578,9.09069670980973,9.33447716966746
"livF",7.8144729640402,7.1961412606394,8.83986161765201,8.02542815259885,8.63239841868053,8.73082632411905,8.52973617873216,7.43634799125979,8.28966334275481,8.95167555870933,7.34960886046628,7.67773324685373,8.42390957291047,4.96686923384705,5.95331492700245,6.37004700210516,5.16065810130426,6.16752642001888,6.54548128322208,3.87006758841923,5.41891774505027,5.38009996869974,7.23551287574234,5.99715766076099,4.99117937707127,6.72667190382196
"leucine-isoleucine-valine",8.16022847560106,8.22454425624844,9.98882568948602,9.03222463706928,9.27989915033529,9.15468205562984,9.53717375739587,8.49748521507873,8.88418797571001,9.7802517239574,8.25782820369894,8.98913192164565,9.68403482334945,6.52074484306238,7.32174488624553,6.87182967604482,6.26573525457945,7.01830913357957,6.89116632550284,5.10006068173702,7.39340166776423,6.28959597989926,7.81728069447339,6.9858199446741,6.54557996875206,7.14566480261163
"livH",7.45594823992954,6.63075013378556,9.15411745950482,8.33984192958144,8.47260844903909,7.986220103979,8.92264045132141,7.88988813908253,8.54317898050336,8.80646391761395,7.8073472454553,7.63082717315735,9.24321864568315,6.11093523303755,6.18428342213629,6.51277479989132,5.62919061363169,6.53732702013659,5.96072943242006,4.96675736742202,6.4019572680128,6.5620194776399,8.81407892252519,5.52073728839306,4.4287208005356,6.95761627639035
"livK",10.4303888928232,10.2493770445632,11.7624627880753,11.0085080672225,11.5210374591103,11.7653597455065,11.6617625589838,10.9517890881942,11.46340033798,11.4500893103873,11.8822470808117,10.220500279691,11.6110652178427,8.23765454944521,9.72774270682971,9.31628925323825,7.41170225311592,9.9017308453622,9.58403015900568,7.61282412558696,8.09053721310625,9.01458398240763,9.22831486731962,9.0277851618851,6.18741571467701,9.65208485661184
"gadA",9.83066429671796,10.2347291439795,6.22109364475287,9.99117055352173,9.60992355070065,8.22679379256329,10.1149911856587,10.5661906832272,7.32500325436375,9.40912026567601,6.97480236465899,11.2901752224664,5.64512073489334,2.25827430007163,4.89181106554067,4.18608807859634,4.73441875304309,5.66899262788741,4.04993824440995,4.33425984726288,5.41891774505027,6.04512227934652,0,4.24519213042812,5.96831885496436,3.27086248351701
"yidC",10.0956284957896,10.8872626488776,11.1922521744673,10.3416378002997,10.9425467248073,11.1801868748785,10.5307886357306,9.96951245299732,11.9271267435488,10.6218426468111,11.1133936485775,10.6188748182899,11.1329703414685,13.2546842903337,12.7089715660565,13.1298715925483,13.4608997340504,12.8246459560904,13.6438627022073,13.5103920349102,13.0431774380093,13.382442764846,12.4356213405926,12.6369058452626,13.2352587174817,13.258833198125
"oppA",13.4515441159276,13.3978301400133,13.1213196371989,12.53776272007,13.2809919478293,12.3050327988539,12.7322724499415,13.4190093674297,12.5383196213143,12.9250305156396,14.2342661843107,12.4849457175094,13.0257143250226,11.1602131048141,11.613778210834,10.6251210842537,9.9204364021101,11.3745379810473,10.8878961220924,10.2513719254294,9.67196690179886,11.5033844700334,10.1340825379521,10.0872275704838,10.1558088248585,11.3418456039081
"ydcU",3.89289644458505,1.9001306463044,3.9087118898544,5.60071208421306,3.94921391036252,4.01021448969058,3.87967781425923,4.25076635318075,3.24030261197323,5.0745502543192,3.99333854295021,5.99834966262102,2.73166382609767,0,1.13444173796343,0,2.69820097593117,0,0.980186645986465,0.589301445582872,0,2.34044334615525,0,3.31932960426855,0,1.0576435952102
"ydcZ",5.90411347868094,6.79240368602205,7.70773140810288,7.30903947840155,7.00471127951784,7.51333338555929,7.44737960655265,7.36963037625915,7.1472209923209,7.41806041121055,7.11499593980615,7.04949954721807,7.64226458211648,0,4.70609149862081,4.95906955055076,3.46791272558215,6.36424312391467,5.13114583076166,4.89518290872777,5.41891774505027,5.51445077661413,0,5.20664398131481,3.49420007331014,5.3581349337316
