"","UR1","UR14","UR17","UR3","UR43","UR54","UR56","UR57","UR6","UR66","UR68","UR7","UR86","UTI1","UTI14","UTI17","UTI3","UTI43","UTI54","UTI56","UTI57","UTI6","UTI66","UTI68","UTI7","UTI86"
"dcm",8.63644907478152,8.97114616119457,8.56921087360694,9.0605527584265,11.5895921273359,8.51997829023725,8.54557119635936,7.95267336899271,9.0860966003305,8.51401204838438,9.53516095497108,8.98447543355619,9.0298051944365,10.4367251482809,10.4550464121878,10.6407503592624,10.4110718494301,11.329625826349,10.1237823401929,10.5535816156305,9.67196690179886,10.1171638854771,10.2271116999617,10.7899044226939,10.4800792584495,10.0228522572986
"asd",12.2001428253565,11.4340058196142,11.6624936359819,11.7230140552512,11.2734501657717,11.4429088103909,12.0051370621017,11.3280142276818,11.3590649922778,11.717667168008,10.5632281367144,11.8826079163856,12.1272006380966,9.83146146164498,9.96966213286862,9.79967768011456,9.804174902648,10.8608087753723,9.11751518135244,9.60915094519623,8.55855154258963,9.64695960896165,9.54976181566607,9.00274267160027,10.1296004877448,10.2254134892902
"ilvE",10.4679203590576,10.6429076922142,13.247868375237,12.0700016460194,11.1959664057322,11.35777176429,12.8689130843654,10.4900569366334,11.4756827005516,12.6378125666992,10.9099706975577,11.3726727594564,13.3468267114755,8.66500965012338,8.76059227902399,8.06416784192646,8.66002875143734,9.68879709198194,7.67453555971039,8.30295545064285,7.56237290744837,8.53479702197633,7.23551287574234,7.75867705124962,9.99090286174349,8.76385336031201
"metE",14.1616503293165,16.5710739007976,17.3226977586407,15.2151697039212,17.0137183800848,16.9156998802243,17.3890310301314,17.5740548365732,16.2209501851357,15.6736980311193,7.70373378921134,14.0805143342513,15.4719064483247,7.72125284435679,12.3678461528144,9.45535577169149,9.04198065518306,12.3447177763776,7.89100053624406,9.40956349363045,8.19707431497464,11.811411195348,9.54976181566607,9.69234427717854,9.93146154534372,11.1179419841854
"metB",12.8954396280557,14.0592841462284,13.5428276764982,12.1591559517642,14.0948867242154,13.7823815846321,13.4245036122648,14.6311139826291,12.3028118382159,12.817067751755,9.01943045366921,10.6081040064025,11.1898294019773,9.49940752319256,10.5339321152601,10.0774504851346,9.66150805672248,9.1762827611175,9.86853211204004,9.30066958915351,8.55855154258963,9.63225655948243,10.3969029541822,9.52654696444776,9.8046852820348,9.93153396393676
"metA",11.6889740139434,13.7595301957141,14.8301936705367,12.2463433627597,13.8159394806842,13.3206523671527,13.7956151543979,14.7575283192355,12.7173814979529,12.5737766240886,6.47194502060439,11.5650588925378,11.8261959385107,4.67791560542587,10.6687540393959,8.04079723302644,6.62795106993578,8.67209280470466,5.48453863392508,6.55973415607725,7.85049110826981,8.75437226590314,8.81407892252519,7.08459659306523,6.83227585724854,9.64430671580107
"lysC",10.8465226031479,10.7371467577183,11.7019371528212,11.2109284577915,11.100099810969,11.3081870075225,11.9378722480268,11.2679577490961,11.8259939341582,11.5008211431517,9.63224299203883,10.6408124316163,11.8535260118736,8.31683294311042,9.36682003834824,8.21794903608485,8.68269309979906,9.29559160076984,8.98808089357898,8.99451960469564,8.38910476566327,9.81912099593536,9.68709033724516,8.49297553257798,8.82274901499411,8.78876333310346
"speE",10.1294814343456,10.0816227013162,10.9867571559748,9.84718799210865,11.1554232151659,10.0908120333149,10.6123324916551,10.2920341336007,10.6150226849823,10.3332460135578,10.85033396277,9.87470524417679,10.8231411987658,12.652799520008,12.1875386623246,12.6195144010237,12.8046084939008,12.1367404910457,12.0728718073688,12.2279013515416,12.0145003877837,11.8876741071153,11.3139371638012,12.4033180370012,12.0293579016781,12.5513246891326
"patB",8.7591636356524,8.28139845926335,8.22506889554162,8.26174435289356,8.37930040962883,8.01647521454636,8.09951554143037,8.4121383179669,8.03199330292956,7.9557743627474,8.19895502155095,8.10046626022347,8.61169130280387,5.89856934781253,6.646924203081,5.93569032992945,6.65440073427809,7.46669551876226,6.13058422064008,6.44745674064165,6.4019572680128,6.79108117832457,7.81728069447339,5.77852476424337,5.7098856247044,6.97011537842427
