"","UR1","UR14","UR17","UR3","UR43","UR54","UR56","UR57","UR6","UR66","UR68","UR7","UR86","UTI1","UTI14","UTI17","UTI3","UTI43","UTI54","UTI56","UTI57","UTI6","UTI66","UTI68","UTI7","UTI86"
"dsdA",8.59440310813096,7.98105622694887,11.8209322984732,7.60413212047885,9.61258833869458,7.67380435746126,7.77010631697758,11.7700165772361,7.57562345034363,7.31444243564138,8.78179088931846,7.72635300689365,10.1134057173022,6.66221975957727,7.26681467294523,6.97407338691081,6.28279001496461,7.66633326406804,6.1894554407408,7.8863668981084,7.39340166776423,7.81090600380598,7.23551287574234,7.34585838567688,6.3775841716744,10.9933633407834
"glyA",12.2978586167349,13.5912800803608,13.82260156574,13.4799628461976,13.4716440030683,13.7195808359481,13.524315962017,13.0600522262189,13.3111584324561,13.0998967124066,10.0151292867699,13.2156507553702,13.5241299476114,10.8662009799654,11.6200923774343,10.2756603810469,11.4824293279236,10.9573024980073,10.6570892896216,10.7565425346222,10.4519145799024,10.7278616772696,9.68709033724516,10.3179153078502,10.6464303274282,11.1123144858046
"gcvH",11.1219027633242,10.3629931052254,10.669303603212,10.4053628584048,10.0119044966883,11.1774697285706,10.5158861189549,11.0490765086703,10.0351748334595,10.5291185312434,7.34960886046628,10.1333428097263,9.94956580790106,7.51286731610746,8.68089594320539,7.32306244566753,7.22137323064255,7.89037361603521,7.49169753459782,7.15243760177041,6.4019572680128,7.81090600380598,0,7.9278616824707,7.36888236356578,7.12345617788872
"gcvT",12.6555268455707,12.7022595445792,12.4827870481517,12.4116074880954,11.8558586435815,13.297016346303,12.11304938249,12.8066663898693,11.9846382944624,12.4372346125906,9.17654098307968,11.6459529158023,11.7681376577535,9.17986151550643,10.5414728359699,9.19449839494811,9.34571722354179,9.98256857339858,10.1425265622454,8.75946212131698,8.29628221990937,9.63962681468155,7.81728069447339,9.0277851618851,8.88674081870655,9.41210761013224
"serA",11.9885753406393,12.2056490395726,12.2484890834664,11.992477873023,11.9122109128811,11.7836167389679,12.2173857880125,11.5792569107631,11.7082055501286,12.008146023704,11.0898752390946,12.1186327793051,12.4050350646317,9.25773310118442,9.67808505211383,9.3828580875051,8.69548606955193,10.2944432740431,8.74809148430679,8.57518612600446,7.56237290744837,8.83362775275601,9.39797258493883,9.19187428590988,9.3396361056925,10.459502430374
"tdcB",7.29979228173461,6.71196092921301,8.61682344768592,6.86811780811845,8.19813734735251,7.24922576198706,8.30799421491183,8.45334318364231,9.57588537089091,7.9769926965165,6.65829945473392,6.97365739106873,7.37439793647393,4.44711880683807,3.03069198732617,5.71722085033749,3.58253703975184,6.65474474053192,5.68878103083116,6.04620362221368,6.72046920884887,5.63734912235492,7.81728069447339,5.77852476424337,4.4287208005356,5.15416698109184
"asd",12.2001428253565,11.4340058196142,11.6624936359819,11.7230140552512,11.2734501657717,11.4429088103909,12.0051370621017,11.3280142276818,11.3590649922778,11.717667168008,10.5632281367144,11.8826079163856,12.1272006380966,9.83146146164498,9.96966213286862,9.79967768011456,9.804174902648,10.8608087753723,9.11751518135244,9.60915094519623,8.55855154258963,9.64695960896165,9.54976181566607,9.00274267160027,10.1296004877448,10.2254134892902
"gpmI",9.97469421002009,9.1873919135427,9.12147846690023,9.45844979401915,10.0295599165312,9.08501422042156,9.12494083890623,9.09150414736643,10.0130981826937,10.2701841161138,11.0412473499543,9.17284370974121,9.90976132921005,11.6828049776192,12.5740757360004,11.8665087225907,12.0257210279333,11.7000617146167,11.1567167556267,11.3550475724714,11.3042288866851,11.715279821401,11.7809064236433,11.2813594078534,11.3550320614396,11.685736750524
"lysC",10.8465226031479,10.7371467577183,11.7019371528212,11.2109284577915,11.100099810969,11.3081870075225,11.9378722480268,11.2679577490961,11.8259939341582,11.5008211431517,9.63224299203883,10.6408124316163,11.8535260118736,8.31683294311042,9.36682003834824,8.21794903608485,8.68269309979906,9.29559160076984,8.98808089357898,8.99451960469564,8.38910476566327,9.81912099593536,9.68709033724516,8.49297553257798,8.82274901499411,8.78876333310346
"ltaE",8.91739432423607,9.17653258844916,9.29395602095815,9.24520164761451,9.47233792829362,9.29473553568118,9.80575399665136,9.07065347236297,9.5299807145273,9.1893918316294,9.48675868045131,9.12589414658842,8.64648324387861,7.1589335526651,7.26120484646162,7.50485351377326,7.60037555470014,7.84167367085587,7.60415586372752,8.24894922115353,6.72046920884887,8.59669419321234,8.23071819598919,8.45655232904186,7.68906378072204,7.6123171358097
