"","UR1","UR14","UR17","UR3","UR43","UR54","UR56","UR57","UR6","UR66","UR68","UR7","UR86","UTI1","UTI14","UTI17","UTI3","UTI43","UTI54","UTI56","UTI57","UTI6","UTI66","UTI68","UTI7","UTI86"
"rbsC",9.86643694639161,8.55941958666025,6.13214298758542,8.87167278351718,6.19441829946336,6.2459652942594,7.91678243075649,7.11720821452466,8.57366657406611,8.66400615640967,5.90948793992048,9.53271177191465,6.31391615874471,4.56712754096415,3.88228732499137,3.79723052700995,4.63166651059483,4.27622854009585,3.54842758684933,3.59686333969497,6.98122167640984,5.51445077661413,0,4.8045706457524,0,4.35526442536989
"araG",10.5601719694284,8.94578863281362,7.21139148878288,9.19610922769203,6.29339945589309,6.91367973723902,8.33309401838206,7.94472394066907,9.56580981892989,9.65200227375577,6.22948045073076,9.65370662347168,7.02128926472026,4.31621408037671,4.28745067774114,5.59418084316316,4.12678819713825,5.74157473591469,4.21015278397186,5.05698044189551,5.99259544428651,7.16249594062142,7.23551287574234,5.77852476424337,4.99117937707127,4.35526442536989
"araF",11.1232475392803,9.02586565317188,6.3450120251296,9.03920082682813,5.393287052734,6.67375080906033,8.31640942976563,7.2261584463683,9.10393034966971,10.1367071702477,5.49767065444963,7.05965450029348,6.66188883053416,3.38687601799046,4.28745067774114,5.14590524598902,3.34338917042122,5.13453299611353,4.21015278397186,4.6563171910767,5.99259544428651,6.49858301758441,0,3.31932960426855,0,3.68894325164472
"yehY",5.59854598705361,5.04307753806407,5.54106817420318,6.47038940666773,5.5791458226294,6.01072332069133,5.64229751368036,5.97590143407403,4.99560103566119,5.98943655524369,5.06778142113826,6.38906379907649,3.5130348551852,4.78079936897826,2.53140487875215,3.26324440176657,3.78762222236052,4.0661924371677,3.66364602966294,4.43864159522755,5.41891774505027,3.72178249638015,0,3.31932960426855,0,3.68894325164472
"osmF",6.63978672349943,6.36983027998287,6.57454492000774,7.03983536036407,8.0951974526621,7.82676166671538,8.27900965810978,8.62234364727695,6.92734170179434,7.71883979130498,6.70445623415531,7.56818788893493,5.70636275265759,5.75431677881345,3.82259714572769,2.40618254597731,4.12678819713825,5.66899262788741,5.86766215432178,6.12131508407475,5.41891774505027,5.75059505088003,6.24505469423431,5.20664398131481,4.99117937707127,4.69349615196937
"mglA",11.0981639747096,11.5467441856719,10.6034676166734,10.3503328671904,9.93818991598816,12.7814175889505,10.0151349202927,12.1664140068385,10.8422249876315,9.97327841422228,7.2169426770732,10.293308444042,9.64154965954322,3.38687601799046,6.36251977803067,6.37004700210516,3.78762222236052,8.65340247448547,4.28404704591364,5.2220820239611,7.56237290744837,5.75059505088003,0,5.52073728839306,5.7098856247044,6.26128677800804
"mglB",13.2334268467469,13.9741267389168,11.5210730790619,11.9625166554162,10.4771825542993,13.909619518112,10.8540398265587,13.0939167430956,12.1984828063662,10.8625371525176,7.49993424787986,11.2580149040609,10.4384614566498,5.13165938189182,7.00341424051816,7.47028181607781,4.78317476445361,9.67958976741302,6.13058422064008,5.80716094171334,6.72046920884887,7.93590138907711,0,6.87978004309095,5.7098856247044,6.9322884388549
"hisQ",10.3469014695164,9.87632765823847,9.75933905510827,9.37167678283082,9.52873047577951,10.3673365837975,10.325988895271,9.12090358965441,9.83005838670867,10.0790012221552,10.2189501701371,8.99971922200953,8.47407637748997,8.07509080832152,8.87886948314708,8.31855051910161,7.87234647044517,8.11189714068941,7.58965833715625,8.21750522929186,8.19707431497464,8.13676658138587,7.23551287574234,7.81730425079138,7.75912016819639,7.97058437727464
"proW",5.21037049524197,5.26434269565331,5.8978380284173,5.44132379289461,6.20009908009156,5.55498084852446,5.7153890883254,5.4887209339782,5.86936504414957,6.96393720035817,8.66356708193843,6.1149331534568,5.32414343577356,11.7938345362064,3.62710386486916,4.95906955055076,10.9346063903815,6.16752642001888,7.87912780619302,10.0525701239139,7.97550098953622,11.5666147093068,6.24505469423431,9.6282931996684,10.4904139877866,5.31958327965799
"proX",7.68204123878672,6.70442055664135,7.52763947151253,6.76477828192357,7.68950967036261,7.71128043588971,8.29101508059134,7.67607408397261,7.18839921462554,8.82348402665099,10.3717354139648,7.63762213609501,7.22336060851403,13.305449728463,4.73875287806304,6.51277479989132,11.7918381446574,8.59583321210226,9.46397885669997,11.8713440015163,10.1933826175874,13.0338073200941,8.55168543978855,11.1788871821439,12.1516077593826,6.57126746871817
"glnQ",8.28081796518456,7.46067150799327,7.40824145586413,7.60413212047885,6.89691216712967,7.41738827513768,7.84879267808132,7.32439529183315,7.52357132516015,6.90611503147356,6.15890450838526,7.6119743028063,6.79189389707109,3.83234933451519,6.27615235602794,4.95906955055076,5.68156953000057,5.74157473591469,4.48541738584692,4.59740196133948,6.4019572680128,4.41433260571597,7.81728069447339,3.31932960426855,6.54557996875206,4.75257165851701
"ugpA",5.28916345184311,5.1798638140745,5.45984739535874,5.57301162890429,5.5167824397992,5.53421891766392,4.86695918920667,6.57396619225103,5.13097695684184,5.19211675614906,4.63703447918594,5.59256482712504,4.23225163544159,0,2.19723883472273,3.26324440176657,1.90495055315783,3.82028099091792,3.66364602966294,2.33231972257186,6.4019572680128,4.41433260571597,0,0,0,2.67979411840723
"ugpB",9.0258673279847,8.79774700637938,8.11828823301923,8.19743331281788,9.09179345467546,9.05161862852869,8.31640942976563,9.81619948052494,7.48520676203741,8.15302948118278,7.31756840766068,8.68408586846567,6.96225579631041,5.20749437076403,6.11132662079152,6.12538618533278,5.51835752943974,7.5699648322557,6.53037882588397,5.95528229512544,7.20198192917598,6.62278367475068,7.81728069447339,6.76532334098094,7.17748361912077,5.31958327965799
"livF",7.8144729640402,7.1961412606394,8.83986161765201,8.02542815259885,8.63239841868053,8.73082632411905,8.52973617873216,7.43634799125979,8.28966334275481,8.95167555870933,7.34960886046628,7.67773324685373,8.42390957291047,4.96686923384705,5.95331492700245,6.37004700210516,5.16065810130426,6.16752642001888,6.54548128322208,3.87006758841923,5.41891774505027,5.38009996869974,7.23551287574234,5.99715766076099,4.99117937707127,6.72667190382196
"leucine-isoleucine-valine",8.16022847560106,8.22454425624844,9.98882568948602,9.03222463706928,9.27989915033529,9.15468205562984,9.53717375739587,8.49748521507873,8.88418797571001,9.7802517239574,8.25782820369894,8.98913192164565,9.68403482334945,6.52074484306238,7.32174488624553,6.87182967604482,6.26573525457945,7.01830913357957,6.89116632550284,5.10006068173702,7.39340166776423,6.28959597989926,7.81728069447339,6.9858199446741,6.54557996875206,7.14566480261163
"livH",7.45594823992954,6.63075013378556,9.15411745950482,8.33984192958144,8.47260844903909,7.986220103979,8.92264045132141,7.88988813908253,8.54317898050336,8.80646391761395,7.8073472454553,7.63082717315735,9.24321864568315,6.11093523303755,6.18428342213629,6.51277479989132,5.62919061363169,6.53732702013659,5.96072943242006,4.96675736742202,6.4019572680128,6.5620194776399,8.81407892252519,5.52073728839306,4.4287208005356,6.95761627639035
"livK",10.4303888928232,10.2493770445632,11.7624627880753,11.0085080672225,11.5210374591103,11.7653597455065,11.6617625589838,10.9517890881942,11.46340033798,11.4500893103873,11.8822470808117,10.220500279691,11.6110652178427,8.23765454944521,9.72774270682971,9.31628925323825,7.41170225311592,9.9017308453622,9.58403015900568,7.61282412558696,8.09053721310625,9.01458398240763,9.22831486731962,9.0277851618851,6.18741571467701,9.65208485661184
"dppA",12.9332424178343,13.0322845440845,13.0056366594989,12.5979514892877,12.8709914719382,12.7611097853937,12.5776524718539,13.2034812193089,12.2048418382504,12.2455832284149,13.3102077277025,12.6168977041948,12.738455219795,9.13201107272732,10.5216670729936,10.3536016371154,8.62702071275755,12.1069998220076,9.42572102113368,9.29488715354026,9.03141093241365,10.007503002301,10.3145037354039,8.75534238906827,10.2681887020077,11.5356230427322
"xylF",11.5009031161548,13.734759662033,10.5422101448112,13.5380332171016,7.54744770944799,10.9039358550901,11.7222292546905,10.206110955422,13.1356201537818,13.577570406578,6.04611197463872,13.6496912591397,11.2545620829127,2.73904512746868,3.13252481685551,6.57917067336212,3.20709351130184,7.4451240175599,3.66364602966294,4.76738679722004,6.98122167640984,6.49858301758441,9.22831486731962,0,5.7098856247044,6.04202559967395
"xylG",10.5246546885621,12.4199993377676,8.32592113723312,12.3831658090516,6.49633061932416,8.90972343314808,9.41554511345318,8.54951888532225,12.0787081324531,11.5411497115144,5.66828414606291,12.1570484608515,9.39880216072088,4.44711880683807,4.86247098493871,5.83058704010863,3.96714924010609,6.61665752662896,4.28404704591364,4.71292060286559,7.20198192917598,5.38009996869974,9.03601336726054,5.52073728839306,4.4287208005356,5.01633310527587
"rbsD",13.0635205703684,11.7064921376292,9.71463228872736,9.20797712121054,11.3227780987097,12.4831587305026,10.5668561328656,12.9501263483363,10.2906574856751,9.26896444059365,6.14679874161629,9.12468549216659,11.4397459521876,7.80907440405135,9.08026286749679,7.75512082909095,7.55897403507176,10.2639657321005,7.53016592800256,8.77781977125387,7.39340166776423,9.30151971714087,7.23551287574234,9.41707689647848,8.61174789405035,9.79065907448975
"rbsC",11.9168504524431,11.2445662084991,9.65145002270773,9.02585323983961,10.8190066018051,12.2269290915804,9.78710491492837,11.9536546872047,10.6416477551373,8.91915790575132,6.16491951097731,9.30196258438281,10.2777740259024,6.71514094449343,7.57334990719769,6.03365383509419,6.34906170985223,8.73566556812889,6.96041344600625,7.13700657588021,7.71361253724552,7.64504262642402,8.55168543978855,6.87978004309095,6.54557996875206,7.47873517282044
"rbsB",14.052801793421,13.4191481119158,11.6140442681189,10.9489702133386,12.2593662603463,13.8986839665766,11.9023972839992,13.4398377689128,12.7358299816912,11.7985192323892,10.1187006190127,11.3070564455487,12.4427515901634,9.1609113586139,9.45791409959959,9.31628925323825,9.36386221395707,10.4351288008248,8.97140305364787,9.52964519265451,9.474287584648,9.57958278458588,9.54976181566607,10.3579617812808,9.96148831641811,9.86281533836985
"sbp",5.16929923081506,5.05498499012314,5.54106817420318,5.45656358592799,5.54384035487239,5.47007785525718,5.58772484144007,5.87911483367189,5.65107986211426,5.2397103185132,5.5166101715376,5.39819499265434,5.7418977250366,5.85206954141495,5.80698013854895,7.28378433080611,6.41242237733114,6.57753748012903,7.16004494400998,7.26082039426469,8.38910476566327,8.38498126956438,8.55168543978855,7.56698331992835,6.54557996875206,6.32105518702505
"malE",13.4587525142061,12.4504634121735,9.42945179098144,9.31479847632901,10.854110064244,13.5412983110881,11.7407927691566,12.1962246981721,12.5955467689047,10.1230244850544,6.31851250930334,8.603951847432,12.6708317674321,4.56712754096415,6.02126814717318,6.51277479989132,5.60227032041905,10.4268986166369,5.74219254465047,7.22720999818442,6.98122167640984,10.068845146877,7.81728069447339,6.3546997519617,8.17249181189037,7.27218284245294
"malK",12.0673032898686,11.4636203905187,7.37539793448616,8.84296626289412,9.47351110819136,12.7496872825224,10.4871028270066,10.9525325617087,11.4497678580524,8.69847919343736,4.02013040980447,8.32439054923068,11.5886733342111,2.25827430007163,2.19723883472273,5.71722085033749,3.05656532485502,8.88733018539033,3.13451090814373,4.81987131221217,5.99259544428651,9.19549495261854,6.24505469423431,3.31932960426855,5.96831885496436,4.56755196307166
"metQ",13.5494912194889,14.5737719240239,14.6586071519535,13.4484199233102,14.6723937468281,14.0417892357025,14.5113931343486,14.8683292542119,13.1052696785758,13.2677871258456,10.957309988689,12.5841859180473,13.410663556253,11.5706126520597,13.4685191180854,10.9818015780625,11.538975718425,10.8790227959829,9.65711366222884,10.2315302741867,9.67196690179886,10.9186704218115,9.39797258493883,10.6836147801468,10.3612249869753,11.608389949838
"metI",11.6412741532509,12.0786201567629,12.606314673203,10.7743089312211,12.9878742400486,12.2201408687317,12.7239147804885,13.0668775766061,11.4520074611414,11.6784473242402,8.65718040270458,10.0488868104149,11.2060881336675,9.58719677827233,11.1619277923623,9.01425442902426,9.27716211197597,9.29559160076984,7.9826208086714,8.98305800954693,7.71361253724552,9.7796369941872,8.81407892252519,8.38082544540345,7.07133485484412,10.334568262633
"metN",12.0883414701174,12.3087042010728,12.4389226921374,11.4784181046831,13.0958978930971,12.4634754084016,12.3949456538157,13.1799718485528,12.1000484592072,11.3885187490284,7.67451786839955,10.5156903070915,10.4411662536367,9.36925038522542,10.6098310664994,8.94040068537906,9.43042143695454,9.24655333815037,8.18905093973854,8.92284410471661,8.09053721310625,9.56417301835858,8.55168543978855,8.72503977059616,7.17748361912077,10.228017809856
"gltI",11.5533897063334,11.4100134084265,10.0829486684868,10.7181155838225,11.5176293356894,11.7515137644308,10.2815517559109,12.1503026683426,10.8020173646482,10.0990318568878,12.3371906282208,10.5485099004668,10.1989952260916,9.50693081418293,9.40293207836017,9.29669144668957,8.36003632379705,10.1418975462906,9.47585250020737,7.97002793119173,7.85049110826981,10.467070259188,8.55168543978855,8.49297553257798,8.88674081870655,10.4156250415654
"ylmA",9.84757712318043,11.2339666937692,11.0765480262744,11.1904229001975,10.982650502902,11.5171967418003,10.9335976867266,11.2148260416836,10.8254318379469,11.0624303335883,10.6108244404266,11.4077524673141,11.0908163975496,7.84513508898582,7.95324705344899,7.72611076400633,7.57982330400993,8.83022858600443,8.43999098202826,7.66754979081094,8.19707431497464,8.82071718494274,8.23071819598919,8.34141730048938,8.61174789405035,7.86075915365706
"potF",10.629317435058,11.380449129923,9.30344440343145,10.6940064614445,11.0248740179852,11.5198393504712,11.949821566788,12.2098661359473,11.0274960438725,10.7337621475368,10.7783498547873,11.2773154145932,10.3500762494607,6.81549303560072,10.351278130121,7.91790387707487,7.42712463085698,9.9017308453622,8.089524898482,7.55594042539318,6.72046920884887,7.91175369629479,9.81247536796893,7.98011749821091,7.75912016819639,10.4847667915661
"artJ",12.1278453725283,12.753567417517,11.4510523381661,12.5126926901741,11.8143310373685,12.0869265308865,13.2687691438364,10.3060639272043,12.4332910304878,12.303303741776,12.6324838944565,11.5282824483248,12.270833133075,8.76251362256762,9.91086422232223,9.72099141163011,8.95687818205567,10.1351776499437,8.33525868269282,8.82030396443551,7.71361253724552,7.93590138907711,9.22831486731962,9.50886911228939,8.4517170281883,9.81511435017635
"msbA",9.0258673279847,9.37778195325494,9.58537347640528,9.47958453946769,9.50138496705044,9.19326856651552,9.10467789231081,8.97827063812424,10.273875730216,9.57678403447105,10.4739913790514,9.65789044330362,9.86345998005768,11.0252751653254,10.8199797042682,11.2472717344312,11.2376493858728,10.9611071714439,11.1804926750273,11.3472461627946,10.7606662540471,11.3545750991716,10.6191425063666,10.8751649476224,11.7224985118811,11.3645100303503
"potB",5.35168872873247,6.52342472759767,8.15584188806851,5.43364309900726,6.18871506163938,6.57556287293344,6.21039298042321,5.9039269932013,6.81428107068562,6.14750895356635,6.02642511384604,4.0183998753086,5.79924424410829,8.32536818493052,8.34135593095363,9.43757002429909,8.63368301345686,8.16564456078142,7.51490143638567,8.67650412399232,9.08788841544744,7.91175369629479,7.23551287574234,7.26391780844072,5.96831885496436,8.48778404833549
"potA",8.8355331295151,8.94658783915737,9.54656192890051,9.05555713012652,7.8749529631813,7.89145074695936,7.55654871742271,8.08151378957627,9.64885547867228,7.97230440652881,7.91832873867596,8.69389862959219,8.4705503146774,10.7441926290713,11.2349369299389,11.5165745690246,11.1830563694991,10.6763974208569,10.0699646591628,10.8568919033107,11.0002093823026,9.94343637137216,10.3145037354039,10.387283609079,10.3270355950569,10.9074268578781
