"","UR1","UR14","UR17","UR3","UR43","UR54","UR56","UR57","UR6","UR66","UR68","UR7","UR86","UTI1","UTI14","UTI17","UTI3","UTI43","UTI54","UTI56","UTI57","UTI6","UTI66","UTI68","UTI7","UTI86"
"pfkB",10.3461338512964,9.82770236962786,10.0998020919277,9.72035344717002,10.0762549170367,10.1159185084225,10.2061184925906,10.6759035172587,10.1438401918714,10.1102780887566,10.2315428231332,9.72801565681757,9.77689186679932,7.98098808914753,7.46038805650168,6.21163288629695,8.91920023831586,7.99799450011,7.41153968112487,7.67825015326404,7.39340166776423,10.1276851057616,7.81728069447339,7.42339405829726,8.40877316576016,7.51330800236208
"ebgA",12.6975840345642,11.3112397451275,12.0763204118481,12.0725540167622,11.9264168610146,11.8496999142939,12.1961105481827,12.1142113692206,12.6008830909451,11.9627783882311,6.1036102516829,10.3026909444663,12.1034922342436,5.13165938189182,4.9487596390585,8.17565839990227,5.12327362577863,9.9369316342754,6.56042728106711,8.67828197619892,8.55855154258963,8.74072914546231,9.22831486731962,7.08459659306523,6.69603783911164,8.27760016924523
"ebgC",10.3750199814739,8.788861526202,9.62782368206028,10.0713173126888,9.0108790874511,9.06705860221604,9.67901070926746,9.6568517247286,10.3149229118345,9.38639257218111,3.47895612493625,8.26638601726711,9.1304342561489,2.73904512746868,2.80254062252531,5.71722085033749,2.22031370454566,7.28435484724125,2.55178743967157,5.83292815856313,5.41891774505027,4.8802974991594,0,4.24519213042812,0,5.31958327965799
"levE",10.532098450861,9.12874217621784,7.28986103148434,9.77722021570654,6.81413332722365,8.4510387089786,9.19049950505974,5.98368137091552,8.01189305170877,9.40477727222904,2.53017403516346,8.11271046414892,9.82738739102413,2.73904512746868,2.19723883472273,0,2.47895482598024,3.52366221021265,0.980186645986465,1.59362738006833,4.45225200265999,2.34044334615525,7.23551287574234,0,0,4.10625899710759
"kbaY",11.2893868592491,10.413003244716,8.61213228101155,10.7400780170221,8.89044158265817,9.8889322715587,11.7283911185795,7.65186471851972,9.45255764096202,10.5098364985407,2.73811736493647,10.7778301943519,11.14463347437,2.25827430007163,1.48181760949022,0,2.22031370454566,3.82028099091792,1.55848376203191,3.59686333969497,4.45225200265999,4.41433260571597,0,3.31932960426855,0,4.80932299808112
"manX",8.49263893337263,8.18174148168031,7.29279549495268,8.90329923962742,7.28684494478718,7.78563039797671,9.75217256209702,5.76637290353592,8.13594535828408,9.61187211969743,3.47895612493625,9.41800419080782,9.85942127362459,1.53211462368094,1.99578836721931,2.40618254597731,2.47895482598024,4.45953642963449,1.55848376203191,2.91814482305617,4.45225200265999,3.72178249638015,6.24505469423431,0,3.49420007331014,4.01269423120561
"nagB",8.41570637099289,7.75701412467388,6.37854656695524,8.46002649195446,6.17724049923326,5.22005293313372,8.67161538015218,4.02810884397639,7.38457956512439,7.67045578125337,3.8212139906328,8.23872136150698,8.1139212381084,2.73904512746868,3.55557367950688,2.40618254597731,3.05656532485502,2.64394842385429,0.980186645986465,3.65580012588103,0,2.34044334615525,6.24505469423431,3.31932960426855,4.4287208005356,2.67979411840723
"dgoA",11.0684540865288,8.9481849248666,9.23720079497364,9.4069166441676,7.64230229312735,0,5.85132115913699,7.04096079484013,5.49764516826637,8.85566117745387,3.69388097835694,7.46117348031509,7.60093326779697,3.38687601799046,2.19723883472273,4.18608807859634,3.46791272558215,3.52366221021265,0,2.5957854927567,0,4.41433260571597,7.23551287574234,0,0,5.69576722537571
"2-keto-3-deoxy-galactonokinase",11.4110877933036,9.92984836518923,10.6303956070641,10.0482403579462,8.65014575339577,9.22195168889992,7.02280587951465,8.56774914117935,6.62611322760175,9.78360068260606,5.34709646319013,8.52644437184647,8.53273732576551,4.78079936897826,4.70609149862081,5.3112956102176,4.57740900430546,4.62215716246966,4.86833600777643,4.8454145019266,5.99259544428651,5.23194086174952,6.24505469423431,5.77852476424337,5.96831885496436,5.72556088000186
"melA",10.418023546482,9.87380888325974,10.402150079938,10.5090429793864,9.52590604838183,11.6330938293216,11.5023599762007,9.32759686448073,10.7640658602916,12.516761460853,6.72902380757039,11.0363635519592,11.7093285216363,6.18783870999121,5.71147966243934,5.71722085033749,6.04360847418743,7.66633326406804,6.54548128322208,6.74077644684888,6.4019572680128,7.0782172436277,7.81728069447339,6.3546997519617,7.07133485484412,5.89245322759271
"lacZ",14.0250732961542,13.339734679943,12.4836701356307,13.3516599800504,10.8029970162095,13.9105637937546,12.9252938934157,9.45548591825394,13.2110575575918,13.3222272779698,4.93329214013844,12.6183476072653,13.1233952021908,3.62673887771923,2.92112166577094,4.49207709090455,2.69820097593117,6.86429500399219,4.21015278397186,4.62716029491844,7.56237290744837,9.1237277567162,7.81728069447339,5.20664398131481,5.7098856247044,5.94405300277323
"galK",12.5867626624793,12.4570688292803,12.0868196204434,12.5075002265462,11.3524143116268,12.0702348093616,12.1154625830512,12.1948639058024,12.1835850649401,12.2776445798759,8.96099832784885,11.6930912267514,12.3778813337497,8.5385788806923,8.04425154453938,8.87582969642406,8.29006735976896,9.32541508573916,8.479843883014,8.42868181687649,8.29628221990937,8.82071718494274,8.81407892252519,7.87364174514067,9.26935810907277,8.56808957315872
"galT",12.7674076626744,12.334731795391,11.681370823474,12.2931863999925,11.1623509698719,12.0528916240661,11.79900042601,12.0763983744743,11.6178911615765,12.5939458460699,7.75647049919906,11.024747424478,12.4125198482982,9.74821103319374,8.44395922933443,8.48364649069762,8.94621308865367,9.34883778763693,9.38432257107507,8.64412235225965,8.38910476566327,8.96850451106274,7.81728069447339,8.45655232904186,9.29316652483776,8.59254782542864
"galE",12.3551600063794,12.2855186419514,11.8401161160139,11.6850037592305,10.937029282461,12.2559481179871,11.9967839525657,12.0816185716102,11.372264318488,12.7289635888696,8.18422374182651,10.9947951362539,12.4699366808937,10.4523955175428,8.07655156614104,8.67795348133336,9.31080794401278,8.59583321210226,9.90850557233668,8.78443778594988,8.47631444897548,9.45143407481726,7.23551287574234,8.78502159781179,10.0479917078403,8.78876333310346
